(10, 11, 512, 512)
(10, 11, 128, 160, 3)
[0.5649605  0.07824795]
[0.40314721 0.18353604]
[0.4755157  0.09389241]
[0.36670328 0.16754722]
[0.62705773 0.17954308]
[0.39395694 0.19222362]
[0.33901933 0.12632057]
[0.25356491 0.19128295]
[0.66895604 0.08508904]
[0.3124295  0.18024749]
[0.8576574  0.07759531]
[0.4926948  0.21853889]
[0.48211867 0.16060656]
[0.45990954 0.19125696]
[0.9434281  0.04167503]
[0.62611869 0.19780099]
[0.79132855 0.13304745]
[0.56386117 0.24239949]
[0.4624922 0.0915268]
[0.31716316 0.17199807]
natural 1x E0
change median prednet:  0.3867624529318543
median video:  1.6192718736214906
change median prednet pca  1.3046111372677864
median video pca:  0.43139353735080127
(10, 11, 512, 512)
(10, 11, 128, 160, 3)
[0.33430076 0.1654597 ]
[0.40314721 0.18353604]
[0.2888736  0.13722605]
[0.36670328 0.16754722]
[0.33214733 0.19238909]
[0.39395694 0.19222362]
[0.2161818  0.12636851]
[0.25356491 0.19128295]
[0.37958407 0.16603531]
[0.3124295  0.18024749]
[0.54399216 0.24303259]
[0.4926948  0.21853889]
[0.27397567 0.15603255]
[0.45990954 0.19125696]
[0.6018209  0.19745922]
[0.62611869 0.19780099]
[0.52843034 0.20306997]
[0.56386117 0.24239949]
[0.27442002 0.14521715]
[0.31716316 0.17199807]
natural 1x E1
change median prednet:  0.25108807848770986
median video:  1.6192718736214906
change median prednet pca  0.09022006722676898
median video pca:  0.4313935373507991
(10, 11, 512, 512)
(10, 11, 128, 160, 3)
[0.31818902 0.18597706]
[0.40314721 0.18353604]
[0.2562686  0.16599068]
[0.36670328 0.16754722]
[0.34789193 0.18292639]
[0.39395694 0.19222362]
[0.15509589 0.1392365 ]
[0.25356491 0.19128295]
[0.3477554  0.20521455]
[0.3124295  0.18024749]
[0.5209724 0.2794656]
[0.4926948  0.21853889]
[0.21104293 0.16810524]
[0.45990954 0.19125696]
[0.53804284 0.25733295]
[0.62611869 0.19780099]
[0.43444532 0.2435595 ]
[0.56386117 0.24239949]
[0.2246859  0.15729953]
[0.31716316 0.17199807]
natural 1x E2
change median prednet:  0.2570708947070397
median video:  1.6192718736214906
change median prednet pca  0.2197083386402154
median video pca:  0.4313935373507988
